[gd_scene load_steps=16 format=3 uid="uid://bdsdowk0hscn7"]

[ext_resource type="Script" path="res://addons/throwout/throwout.gd" id="1_26xiq"]
[ext_resource type="MeshLibrary" uid="uid://b4ed1jupa5tj2" path="res://addons/throwout/demo/test.meshlib" id="2_ayua2"]

[sub_resource type="StandardMaterial3D" id="StandardMaterial3D_bw6w0"]
albedo_color = Color(0.392157, 0.298039, 0.282353, 1)

[sub_resource type="StandardMaterial3D" id="StandardMaterial3D_518ob"]
albedo_color = Color(0.423529, 1, 1, 1)

[sub_resource type="CylinderMesh" id="CylinderMesh_1a2a0"]
material = SubResource("StandardMaterial3D_518ob")
top_radius = 0.0
bottom_radius = 0.75
height = 1.0

[sub_resource type="ConvexPolygonShape3D" id="ConvexPolygonShape3D_we441"]
points = PackedVector3Array(0, -0.5, -0.75, -0.0735611, -0.5, -0.746476, 0, -0.30002, -0.600088, 0.0734143, -0.5, -0.746476, -0.146388, -0.5, -0.735611, -0.0441954, -0.100039, -0.447974, 0, 0.0999413, -0.300117, 0.0440485, -0.100039, -0.447974, 0.146241, -0.5, -0.735611, -0.0872161, 0.0999413, -0.287197, 0, 0.5, 0, -0.217747, -0.5, -0.717845, 0.0870693, 0.0999413, -0.287197, 0.2176, -0.5, -0.717845, -0.28705, -0.5, -0.693031, -0.282939, -0.30002, -0.52917, -0.141543, 0.0999413, -0.264585, -0.0833986, 0.299922, -0.124804, -0.0952917, 0.299922, -0.115995, -0.106157, 0.299922, -0.106157, -0.115995, 0.299922, -0.0952917, -0.124804, 0.299922, -0.0833986, -0.264585, 0.0999413, -0.141543, -0.52917, -0.30002, -0.282939, -0.693031, -0.5, -0.28705, -0.287197, 0.0999413, -0.0872161, -0.735611, -0.5, -0.146388, -0.447974, -0.100039, -0.0441954, -0.300117, 0.0999413, 0, -0.447974, -0.100039, 0.0440485, -0.735611, -0.5, 0.146241, -0.287197, 0.0999413, 0.0870693, -0.693031, -0.5, 0.286903, -0.52917, -0.30002, 0.282792, -0.623728, -0.5, 0.416552, -0.347984, -0.100039, 0.285435, -0.318324, -0.100039, 0.318177, -0.285581, -0.100039, 0.347837, -0.416699, -0.5, 0.623581, -0.282939, -0.30002, 0.529023, -0.353563, -0.5, 0.661316, -0.28705, -0.5, 0.692884, -0.217747, -0.5, 0.717698, -0.146388, -0.5, 0.735464, -0.0441954, -0.100039, 0.447827, 0, -0.5, 0.75, 0.0734143, -0.5, 0.746329, 0.146241, -0.5, 0.735464, 0.2176, -0.5, 0.717698, 0.286903, -0.5, 0.692884, 0.353416, -0.5, 0.661316, 0.416552, -0.5, 0.623581, 0.475724, -0.5, 0.579679, 0.318177, -0.100039, 0.318177, 0.579679, -0.5, 0.475724, 0.623581, -0.5, 0.416552, 0.661316, -0.5, 0.353416, 0.692884, -0.5, 0.286903, 0.717698, -0.5, 0.2176, 0.735464, -0.5, 0.146241, 0.746329, -0.5, 0.0734143, 0.75, -0.5, 0, 0.447827, -0.100039, -0.0441954, 0.735464, -0.5, -0.146388, 0.717698, -0.5, -0.217747, 0.692884, -0.5, -0.28705, 0.661316, -0.5, -0.353563, 0.529023, -0.30002, -0.282939, 0.623581, -0.5, -0.416699, 0.347837, -0.100039, -0.285581, 0.318177, -0.100039, -0.318324, 0.285435, -0.100039, -0.347984, 0.416552, -0.5, -0.623728, 0.282792, -0.30002, -0.52917, 0.286903, -0.5, -0.693031, -0.353563, -0.5, -0.661462, -0.416699, -0.5, -0.623728, -0.285581, -0.100039, -0.347984, -0.318324, -0.100039, -0.318324, -0.347984, -0.100039, -0.285581, -0.623728, -0.5, -0.416699, -0.661462, -0.5, -0.353563, -0.717845, -0.5, -0.217747, -0.746476, -0.5, -0.0735611, -0.600088, -0.30002, 0, -0.746476, -0.5, 0.0734143, -0.717845, -0.5, 0.2176, -0.661462, -0.5, 0.353416, -0.579826, -0.5, 0.475724, -0.530345, -0.5, 0.530198, -0.475871, -0.5, 0.579679, -0.0735611, -0.5, 0.746329, 0.530198, -0.5, 0.530198, 0.746329, -0.5, -0.0735611, 0.579679, -0.5, -0.475871, 0.530198, -0.5, -0.530345, 0.475724, -0.5, -0.579826, 0.353416, -0.5, -0.661462, -0.475871, -0.5, -0.579826, -0.530345, -0.5, -0.530345, -0.579826, -0.5, -0.475871, -0.75, -0.5, 0)

[sub_resource type="StandardMaterial3D" id="StandardMaterial3D_repo5"]

[sub_resource type="BoxMesh" id="BoxMesh_bvu0c"]
material = SubResource("StandardMaterial3D_repo5")

[sub_resource type="BoxShape3D" id="BoxShape3D_4psc0"]

[sub_resource type="StandardMaterial3D" id="StandardMaterial3D_tvmif"]
albedo_color = Color(0.631373, 1, 0.423529, 1)

[sub_resource type="CapsuleMesh" id="CapsuleMesh_5uihn"]
material = SubResource("StandardMaterial3D_tvmif")
radius = 0.4
height = 1.5

[sub_resource type="CapsuleShape3D" id="CapsuleShape3D_0p0rx"]
radius = 0.4
height = 1.5

[sub_resource type="StandardMaterial3D" id="StandardMaterial3D_nco0d"]
albedo_color = Color(0.972549, 0.639216, 0.639216, 1)

[sub_resource type="SphereMesh" id="SphereMesh_a1p3v"]
material = SubResource("StandardMaterial3D_nco0d")
radius = 0.75
height = 1.5

[sub_resource type="SphereShape3D" id="SphereShape3D_bjsdv"]
radius = 0.75

[node name="ThrowOut Demo" type="Node3D"]

[node name="Ground" type="Node3D" parent="."]

[node name="CSGBox3D" type="CSGBox3D" parent="Ground"]
use_collision = true
size = Vector3(20, 1, 20)
material = SubResource("StandardMaterial3D_bw6w0")

[node name="CSGBox3D2" type="CSGBox3D" parent="Ground"]
transform = Transform3D(1, 0, 0, 0, 1, 0, 0, 0, 1, -2.61124, 0.673523, 1.50365)
use_collision = true
size = Vector3(3.03467, 2.34705, 4.68811)
material = SubResource("StandardMaterial3D_bw6w0")

[node name="CSGBox3D3" type="CSGBox3D" parent="Ground"]
transform = Transform3D(1, 0, 0, 0, 1, 0, 0, 0, 1, -0.877396, 1.68564, -2.238)
use_collision = true
size = Vector3(6.86749, 4.37128, 2.46466)
material = SubResource("StandardMaterial3D_bw6w0")

[node name="ThrowOut" type="Node3D" parent="."]
script = ExtResource("1_26xiq")
meshes = ExtResource("2_ayua2")
spawn_radius = 1.77532
spawn_height = 7.5

[node name="ConeMesh" type="RigidBody3D" parent="ThrowOut"]
transform = Transform3D(-0.875471, 0.239098, -0.419979, 0.280335, -0.456626, -0.844337, -0.393652, -0.856928, 0.332735, -1.79277, 2.27571, 2.0248)
top_level = true
collision_layer = 4
collision_mask = 15
linear_velocity = Vector3(0.00212344, -0.0017865, 0.001537)
angular_velocity = Vector3(0.000449111, -0.00312241, -0.000175208)
metadata/Spawned = 4581010

[node name="ConeMesh" type="MeshInstance3D" parent="ThrowOut/ConeMesh"]
mesh = SubResource("CylinderMesh_1a2a0")

[node name="ConeMesh-col" type="CollisionShape3D" parent="ThrowOut/ConeMesh"]
shape = SubResource("ConvexPolygonShape3D_we441")

[node name="CubeMesh" type="RigidBody3D" parent="ThrowOut"]
transform = Transform3D(0.991833, 0.126501, 0.0163046, -0.0163501, -0.000678815, 0.999866, 0.126495, -0.991966, 0.00139503, -1.17678, 2.33916, 0.257024)
top_level = true
collision_layer = 4
collision_mask = 15
linear_velocity = Vector3(-0.00131954, -0.000893502, -0.000413197)
angular_velocity = Vector3(-0.000336449, 0.00391584, -0.00177065)
metadata/Spawned = 4581010

[node name="CubeMesh" type="MeshInstance3D" parent="ThrowOut/CubeMesh"]
mesh = SubResource("BoxMesh_bvu0c")

[node name="CubeMesh-col" type="CollisionShape3D" parent="ThrowOut/CubeMesh"]
shape = SubResource("BoxShape3D_4psc0")

[node name="ConeMesh2" type="RigidBody3D" parent="ThrowOut"]
transform = Transform3D(0.814829, -0.340273, 0.469327, -0.571372, -0.608161, 0.551066, 0.0979134, -0.717185, -0.68997, -4.75229, 0.795118, -4.98315)
top_level = true
collision_layer = 4
collision_mask = 15
linear_velocity = Vector3(0.00555301, -6.78782e-05, -0.00219891)
angular_velocity = Vector3(0.00968868, 0.0305327, 0.0181352)
metadata/Spawned = 4581010

[node name="ConeMesh2" type="MeshInstance3D" parent="ThrowOut/ConeMesh2"]
mesh = SubResource("CylinderMesh_1a2a0")

[node name="ConeMesh2-col" type="CollisionShape3D" parent="ThrowOut/ConeMesh2"]
shape = SubResource("ConvexPolygonShape3D_we441")

[node name="CubeMesh2" type="RigidBody3D" parent="ThrowOut"]
transform = Transform3D(0.781022, -0.0271121, 0.623914, 0.0206321, 0.999632, 0.0176114, -0.624162, -0.000882256, 0.781294, -4.21052, 4.37256, -1.8208)
top_level = true
collision_layer = 4
collision_mask = 15
linear_velocity = Vector3(-0.0133232, -0.15358, 0.00386869)
angular_velocity = Vector3(0.00277587, -0.00719029, 0.0408459)
metadata/Spawned = 4581010

[node name="CubeMesh2" type="MeshInstance3D" parent="ThrowOut/CubeMesh2"]
mesh = SubResource("BoxMesh_bvu0c")

[node name="CubeMesh2-col" type="CollisionShape3D" parent="ThrowOut/CubeMesh2"]
shape = SubResource("BoxShape3D_4psc0")

[node name="CapsuleMesh" type="RigidBody3D" parent="ThrowOut"]
transform = Transform3D(0.400799, 0.893636, 0.201928, 0.450173, -0.000133678, -0.892941, -0.797938, 0.448792, -0.402345, -0.355399, 0.890058, 0.00589157)
top_level = true
collision_layer = 4
collision_mask = 15
linear_velocity = Vector3(0.000109187, -1.32904e-05, -9.74314e-05)
angular_velocity = Vector3(6.7643e-05, -0.000313278, -0.000241159)
metadata/Spawned = 4581010

[node name="CapsuleMesh" type="MeshInstance3D" parent="ThrowOut/CapsuleMesh"]
mesh = SubResource("CapsuleMesh_5uihn")

[node name="CapsuleMesh-col" type="CollisionShape3D" parent="ThrowOut/CapsuleMesh"]
shape = SubResource("CapsuleShape3D_0p0rx")

[node name="CubeMesh3" type="RigidBody3D" parent="ThrowOut"]
transform = Transform3D(-0.00106226, 0.441283, 0.897367, -0.999984, 0.00449986, -0.00339655, -0.00553687, -0.897357, 0.441271, 0.424375, 0.995779, 3.66602)
top_level = true
collision_layer = 4
collision_mask = 15
linear_velocity = Vector3(0.000330627, 0.000482682, 0.000168327)
angular_velocity = Vector3(0.000308725, 0.000228886, 0.0010938)
metadata/Spawned = 4581010

[node name="CubeMesh3" type="MeshInstance3D" parent="ThrowOut/CubeMesh3"]
mesh = SubResource("BoxMesh_bvu0c")

[node name="CubeMesh3-col" type="CollisionShape3D" parent="ThrowOut/CubeMesh3"]
shape = SubResource("BoxShape3D_4psc0")

[node name="CubeMesh4" type="RigidBody3D" parent="ThrowOut"]
transform = Transform3D(0.709323, 0.0433757, -0.703548, 0.0622549, -0.99806, 0.00123285, -0.702129, -0.0446738, -0.710647, 3.29461, 1.02096, 4.12417)
top_level = true
collision_layer = 4
collision_mask = 15
linear_velocity = Vector3(-0.000611261, 0.000133269, -3.97579e-05)
angular_velocity = Vector3(-0.000307935, 0.000396895, 0.000156734)
metadata/Spawned = 4581010

[node name="CubeMesh4" type="MeshInstance3D" parent="ThrowOut/CubeMesh4"]
mesh = SubResource("BoxMesh_bvu0c")

[node name="CubeMesh4-col" type="CollisionShape3D" parent="ThrowOut/CubeMesh4"]
shape = SubResource("BoxShape3D_4psc0")

[node name="CapsuleMesh2" type="RigidBody3D" parent="ThrowOut"]
transform = Transform3D(-0.244526, -0.831169, -0.499365, -0.898113, 1.08879e-05, 0.439764, -0.365513, 0.55602, -0.746487, 3.31009, 0.89002, -6.78999)
top_level = true
collision_layer = 4
collision_mask = 15
linear_velocity = Vector3(0.00390562, 2.85357e-05, 0.00595277)
angular_velocity = Vector3(0.0147664, -0.00018265, -0.00985768)
metadata/Spawned = 4581010

[node name="CapsuleMesh2" type="MeshInstance3D" parent="ThrowOut/CapsuleMesh2"]
mesh = SubResource("CapsuleMesh_5uihn")

[node name="CapsuleMesh2-col" type="CollisionShape3D" parent="ThrowOut/CapsuleMesh2"]
shape = SubResource("CapsuleShape3D_0p0rx")

[node name="CapsuleMesh3" type="RigidBody3D" parent="ThrowOut"]
transform = Transform3D(-0.237248, 0.823242, -0.515739, 0.908558, 0.000119878, -0.41776, -0.343855, -0.567691, -0.747991, -2.39483, 0.890051, -7.67442)
top_level = true
collision_layer = 4
collision_mask = 15
linear_velocity = Vector3(0.000656083, -7.13841e-05, 0.000673865)
angular_velocity = Vector3(0.00178862, 2.45918e-05, -0.00168152)
metadata/Spawned = 4581113

[node name="CapsuleMesh3" type="MeshInstance3D" parent="ThrowOut/CapsuleMesh3"]
mesh = SubResource("CapsuleMesh_5uihn")

[node name="CapsuleMesh3-col" type="CollisionShape3D" parent="ThrowOut/CapsuleMesh3"]
shape = SubResource("CapsuleShape3D_0p0rx")

[node name="ConeMesh3" type="RigidBody3D" parent="ThrowOut"]
transform = Transform3D(0.878775, -0.00297782, -0.477227, 0.000116797, 0.999982, -0.00602466, 0.477236, 0.00523858, 0.87876, -3.41466, 2.33546, 0.903283)
top_level = true
collision_layer = 4
collision_mask = 15
linear_velocity = Vector3(-0.0313124, -0.017936, -0.00637859)
angular_velocity = Vector3(-0.0119822, -0.00135853, 0.0626958)
metadata/Spawned = 4581218

[node name="ConeMesh3" type="MeshInstance3D" parent="ThrowOut/ConeMesh3"]
mesh = SubResource("CylinderMesh_1a2a0")

[node name="ConeMesh3-col" type="CollisionShape3D" parent="ThrowOut/ConeMesh3"]
shape = SubResource("ConvexPolygonShape3D_we441")

[node name="ConeMesh4" type="RigidBody3D" parent="ThrowOut"]
transform = Transform3D(0.203548, -0.425319, -0.881857, 0.573973, -0.67786, 0.459415, -0.793173, -0.599675, 0.106145, -2.73807, 2.15815, -0.705822)
top_level = true
collision_layer = 4
collision_mask = 15
linear_velocity = Vector3(0.00161905, -0.000499132, 0.000122397)
angular_velocity = Vector3(0.00295515, 0.00754177, -0.00192767)
metadata/Spawned = 4581324

[node name="ConeMesh4" type="MeshInstance3D" parent="ThrowOut/ConeMesh4"]
mesh = SubResource("CylinderMesh_1a2a0")

[node name="ConeMesh4-col" type="CollisionShape3D" parent="ThrowOut/ConeMesh4"]
shape = SubResource("ConvexPolygonShape3D_we441")

[node name="SphereMesh3" type="RigidBody3D" parent="ThrowOut"]
transform = Transform3D(-0.234818, 0.958104, -0.164003, 0.392879, -0.0607766, -0.91758, -0.889104, -0.279898, -0.362148, 2.49232, 1.24446, 3.16551)
top_level = true
collision_layer = 4
collision_mask = 15
linear_velocity = Vector3(0.000243113, 0.000350856, -0.000732156)
angular_velocity = Vector3(-0.000293326, -0.00189608, -0.000191387)
metadata/Spawned = 4581534

[node name="SphereMesh3" type="MeshInstance3D" parent="ThrowOut/SphereMesh3"]
mesh = SubResource("SphereMesh_a1p3v")

[node name="SphereMesh3-col" type="CollisionShape3D" parent="ThrowOut/SphereMesh3"]
shape = SubResource("SphereShape3D_bjsdv")

[node name="CapsuleMesh5" type="RigidBody3D" parent="ThrowOut"]
transform = Transform3D(-0.043156, 0.706361, -0.706535, 0.998036, -0.00166685, -0.0626277, -0.0454155, -0.707849, -0.704902, -0.277582, 0.889368, -7.92892)
top_level = true
collision_layer = 4
collision_mask = 15
linear_velocity = Vector3(0.0382055, -0.0381538, -0.0235682)
angular_velocity = Vector3(-0.0587354, -2.20432e-06, -0.0954682)
metadata/Spawned = 4581636

[node name="CapsuleMesh5" type="MeshInstance3D" parent="ThrowOut/CapsuleMesh5"]
mesh = SubResource("CapsuleMesh_5uihn")

[node name="CapsuleMesh5-col" type="CollisionShape3D" parent="ThrowOut/CapsuleMesh5"]
shape = SubResource("CapsuleShape3D_0p0rx")

[node name="ConeMesh5" type="RigidBody3D" parent="ThrowOut"]
transform = Transform3D(-0.984324, 0.0530844, -0.168191, 0.0257569, 0.986672, 0.160673, 0.174478, 0.153822, -0.972572, 0.021513, 1.10969, 2.37218)
top_level = true
collision_layer = 4
collision_mask = 15
linear_velocity = Vector3(0.00312369, 0.000919921, -0.00101293)
angular_velocity = Vector3(-0.00126294, 0.00149307, -0.00631339)
metadata/Spawned = 4581738

[node name="ConeMesh5" type="MeshInstance3D" parent="ThrowOut/ConeMesh5"]
mesh = SubResource("CylinderMesh_1a2a0")

[node name="ConeMesh5-col" type="CollisionShape3D" parent="ThrowOut/ConeMesh5"]
shape = SubResource("ConvexPolygonShape3D_we441")

[node name="ConeMesh6" type="RigidBody3D" parent="ThrowOut"]
transform = Transform3D(0.658909, -0.739752, 0.136406, -0.553996, -0.599894, -0.577248, 0.508849, 0.304786, -0.805095, 2.92422, 0.78996, -1.88455)
top_level = true
collision_layer = 4
collision_mask = 15
linear_velocity = Vector3(-5.28382e-05, -1.32651e-05, -2.06276e-05)
angular_velocity = Vector3(-0.000116056, -3.01031e-05, 0.000165355)
metadata/Spawned = 4581947

[node name="ConeMesh6" type="MeshInstance3D" parent="ThrowOut/ConeMesh6"]
mesh = SubResource("CylinderMesh_1a2a0")

[node name="ConeMesh6-col" type="CollisionShape3D" parent="ThrowOut/ConeMesh6"]
shape = SubResource("ConvexPolygonShape3D_we441")

[node name="ConeMesh7" type="RigidBody3D" parent="ThrowOut"]
transform = Transform3D(-0.0911301, 0.0185439, 0.995666, -0.014677, 0.999693, -0.0199623, -0.995731, -0.0164326, -0.09083, 3.76974, 1.98271, -0.812927)
top_level = true
collision_layer = 4
collision_mask = 15
linear_velocity = Vector3(0.000148752, -4.70887e-05, -0.000160213)
angular_velocity = Vector3(0.000184801, -1.16386e-05, 4.31583e-05)
metadata/Spawned = 4582055

[node name="ConeMesh7" type="MeshInstance3D" parent="ThrowOut/ConeMesh7"]
mesh = SubResource("CylinderMesh_1a2a0")

[node name="ConeMesh7-col" type="CollisionShape3D" parent="ThrowOut/ConeMesh7"]
shape = SubResource("ConvexPolygonShape3D_we441")

[node name="ConeMesh8" type="RigidBody3D" parent="ThrowOut"]
transform = Transform3D(-0.200035, -0.175554, -0.963933, 0.79812, -0.599854, -0.0563792, -0.568322, -0.780612, 0.260105, -0.0299798, 0.790021, 0.874113)
top_level = true
collision_layer = 4
collision_mask = 15
linear_velocity = Vector3(0.000206978, -0.000282615, -0.000154225)
angular_velocity = Vector3(-0.000284588, -0.000145468, -0.00198973)
metadata/Spawned = 4582162

[node name="ConeMesh8" type="MeshInstance3D" parent="ThrowOut/ConeMesh8"]
mesh = SubResource("CylinderMesh_1a2a0")

[node name="ConeMesh8-col" type="CollisionShape3D" parent="ThrowOut/ConeMesh8"]
shape = SubResource("ConvexPolygonShape3D_we441")

[node name="CubeMesh5" type="RigidBody3D" parent="ThrowOut"]
transform = Transform3D(0.969855, 0.241302, 0.0339882, 0.0366276, -0.00645972, -0.999308, -0.240916, 0.970429, -0.0151033, 1.66366, 1.01119, 5.67432)
top_level = true
collision_layer = 4
collision_mask = 15
linear_velocity = Vector3(0.000271431, -0.000500126, 0.000353867)
angular_velocity = Vector3(0.000676869, 0.00112793, -0.00141941)
metadata/Spawned = 4582373

[node name="CubeMesh5" type="MeshInstance3D" parent="ThrowOut/CubeMesh5"]
mesh = SubResource("BoxMesh_bvu0c")

[node name="CubeMesh5-col" type="CollisionShape3D" parent="ThrowOut/CubeMesh5"]
shape = SubResource("BoxShape3D_4psc0")

[node name="ConeMesh9" type="RigidBody3D" parent="ThrowOut"]
transform = Transform3D(0.00791497, 0.0205893, 0.999757, -0.016613, 0.999653, -0.0204557, -0.999831, -0.0164471, 0.00825427, 6.87308, 0.984529, 0.999408)
top_level = true
collision_layer = 4
collision_mask = 15
linear_velocity = Vector3(0.174738, -0.249582, -0.127198)
angular_velocity = Vector3(-0.260336, -0.000453726, -0.356758)
metadata/Spawned = 4582474

[node name="ConeMesh9" type="MeshInstance3D" parent="ThrowOut/ConeMesh9"]
mesh = SubResource("CylinderMesh_1a2a0")

[node name="ConeMesh9-col" type="CollisionShape3D" parent="ThrowOut/ConeMesh9"]
shape = SubResource("ConvexPolygonShape3D_we441")

[node name="SphereMesh4" type="RigidBody3D" parent="ThrowOut"]
transform = Transform3D(-0.351456, -0.757857, 0.549664, -0.160475, -0.529664, -0.832889, 0.922348, -0.380931, 0.0645369, 1.50327, 1.24195, -0.2559)
top_level = true
collision_layer = 4
collision_mask = 15
linear_velocity = Vector3(0.000824102, -0.000216255, 3.0183e-06)
angular_velocity = Vector3(0.000106021, 0.00201718, -0.00171826)
metadata/Spawned = 4582576

[node name="SphereMesh4" type="MeshInstance3D" parent="ThrowOut/SphereMesh4"]
mesh = SubResource("SphereMesh_a1p3v")

[node name="SphereMesh4-col" type="CollisionShape3D" parent="ThrowOut/SphereMesh4"]
shape = SubResource("SphereShape3D_bjsdv")

[node name="ConeMesh10" type="RigidBody3D" parent="ThrowOut"]
transform = Transform3D(-0.981996, -0.154746, -0.108338, -0.188382, 0.844703, 0.500989, 0.0139872, 0.512378, -0.858646, -2.9142, 1.31364, -6.49503)
top_level = true
collision_layer = 4
collision_mask = 15
linear_velocity = Vector3(-0.0010638, -0.000167961, 0.000555689)
angular_velocity = Vector3(-0.000329074, -0.00305239, 0.00234922)
metadata/Spawned = 4582678

[node name="ConeMesh10" type="MeshInstance3D" parent="ThrowOut/ConeMesh10"]
mesh = SubResource("CylinderMesh_1a2a0")

[node name="ConeMesh10-col" type="CollisionShape3D" parent="ThrowOut/ConeMesh10"]
shape = SubResource("ConvexPolygonShape3D_we441")

[node name="SphereMesh7" type="RigidBody3D" parent="ThrowOut"]
transform = Transform3D(-0.789724, 0.0152088, -0.613274, 0.546048, -0.438182, -0.714023, -0.279585, -0.898758, 0.337738, 1.4859, 1.24908, 4.43342)
top_level = true
collision_layer = 4
collision_mask = 15
linear_velocity = Vector3(-0.000676024, 4.07454e-09, 0.00104664)
angular_velocity = Vector3(0.00139552, 0.00197861, 0.000901367)
metadata/Spawned = 4582990

[node name="SphereMesh7" type="MeshInstance3D" parent="ThrowOut/SphereMesh7"]
mesh = SubResource("SphereMesh_a1p3v")

[node name="SphereMesh7-col" type="CollisionShape3D" parent="ThrowOut/SphereMesh7"]
shape = SubResource("SphereShape3D_bjsdv")

[node name="CapsuleMesh8" type="RigidBody3D" parent="ThrowOut"]
transform = Transform3D(0.244241, -0.555445, -0.794875, -0.955909, -8.41251e-05, -0.293663, 0.163047, 0.831553, -0.530976, 2.60405, 0.890033, 1.6323)
top_level = true
collision_layer = 4
collision_mask = 15
linear_velocity = Vector3(0.000631549, -9.82395e-05, -0.000320821)
angular_velocity = Vector3(-0.000668349, -2.96047e-05, -0.00143752)
metadata/Spawned = 4583097

[node name="CapsuleMesh8" type="MeshInstance3D" parent="ThrowOut/CapsuleMesh8"]
mesh = SubResource("CapsuleMesh_5uihn")

[node name="CapsuleMesh8-col" type="CollisionShape3D" parent="ThrowOut/CapsuleMesh8"]
shape = SubResource("CapsuleShape3D_0p0rx")

[node name="CapsuleMesh9" type="RigidBody3D" parent="ThrowOut"]
transform = Transform3D(-0.515172, -0.206218, 0.831909, -0.850183, 5.33838e-06, -0.526487, 0.108567, -0.978506, -0.175326, -3.53934, 0.890151, -5.70524)
top_level = true
collision_layer = 4
collision_mask = 15
linear_velocity = Vector3(-0.000543168, 6.67431e-05, 0.000373613)
angular_velocity = Vector3(0.00081727, -0.000277625, 0.00186307)
metadata/Spawned = 4583198

[node name="CapsuleMesh9" type="MeshInstance3D" parent="ThrowOut/CapsuleMesh9"]
mesh = SubResource("CapsuleMesh_5uihn")

[node name="CapsuleMesh9-col" type="CollisionShape3D" parent="ThrowOut/CapsuleMesh9"]
shape = SubResource("CapsuleShape3D_0p0rx")

[node name="CubeMesh6" type="RigidBody3D" parent="ThrowOut"]
transform = Transform3D(0.000937164, -0.249199, -0.968452, 0.999999, -0.000574316, 0.00111547, -0.000834172, -0.968452, 0.249199, -7.06515, 0.992322, -7.42553)
top_level = true
collision_layer = 4
collision_mask = 15
linear_velocity = Vector3(-5.76435e-05, -7.67782e-06, -4.17791e-06)
angular_velocity = Vector3(5.78187e-05, -8.26558e-05, 1.92653e-05)
metadata/Spawned = 4583312

[node name="CubeMesh6" type="MeshInstance3D" parent="ThrowOut/CubeMesh6"]
mesh = SubResource("BoxMesh_bvu0c")

[node name="CubeMesh6-col" type="CollisionShape3D" parent="ThrowOut/CubeMesh6"]
shape = SubResource("BoxShape3D_4psc0")

[node name="ConeMesh11" type="RigidBody3D" parent="ThrowOut"]
transform = Transform3D(-0.253598, -0.813842, -0.522829, 0.346066, -0.581057, 0.736621, -0.903286, 0.00587218, 0.428998, 2.00423, 4.1771, -1.89514)
top_level = true
collision_layer = 4
collision_mask = 15
linear_velocity = Vector3(-9.99696e-05, -0.000174492, 0.000367543)
angular_velocity = Vector3(0.000807284, 0.000216082, 0.000292727)
metadata/Spawned = 4583424

[node name="ConeMesh11" type="MeshInstance3D" parent="ThrowOut/ConeMesh11"]
mesh = SubResource("CylinderMesh_1a2a0")

[node name="ConeMesh11-col" type="CollisionShape3D" parent="ThrowOut/ConeMesh11"]
shape = SubResource("ConvexPolygonShape3D_we441")

[node name="CubeMesh7" type="RigidBody3D" parent="ThrowOut"]
transform = Transform3D(0.979513, -0.201344, 0.00393978, 0.00445038, 0.00208339, -0.999988, 0.201333, 0.979518, 0.00293676, -2.01592, 4.37221, -2.0294)
top_level = true
collision_layer = 4
collision_mask = 15
linear_velocity = Vector3(0.00161564, -0.0133702, 0.00900146)
angular_velocity = Vector3(0.0154634, -0.00426829, -0.00906179)
metadata/Spawned = 4583525

[node name="CubeMesh7" type="MeshInstance3D" parent="ThrowOut/CubeMesh7"]
mesh = SubResource("BoxMesh_bvu0c")

[node name="CubeMesh7-col" type="CollisionShape3D" parent="ThrowOut/CubeMesh7"]
shape = SubResource("BoxShape3D_4psc0")

[node name="CapsuleMesh10" type="RigidBody3D" parent="ThrowOut"]
transform = Transform3D(0.707072, 0.543261, -0.452677, -0.540088, 0.00166687, -0.841607, -0.456458, 0.839562, 0.294587, 6.01694, 0.889368, -0.621494)
top_level = true
collision_layer = 4
collision_mask = 15
linear_velocity = Vector3(-0.0293047, -0.0381535, -0.0330481)
angular_velocity = Vector3(-0.082452, 3.56789e-06, 0.073236)
metadata/Spawned = 4583627

[node name="CapsuleMesh10" type="MeshInstance3D" parent="ThrowOut/CapsuleMesh10"]
mesh = SubResource("CapsuleMesh_5uihn")

[node name="CapsuleMesh10-col" type="CollisionShape3D" parent="ThrowOut/CapsuleMesh10"]
shape = SubResource("CapsuleShape3D_0p0rx")

[node name="CubeMesh8" type="RigidBody3D" parent="ThrowOut"]
transform = Transform3D(0.323537, -0.946216, -0.000218764, -0.0014079, -0.000250199, -0.999999, 0.946215, 0.323537, -0.00141312, 1.50857, 0.990814, 2.17909)
top_level = true
collision_layer = 4
collision_mask = 15
linear_velocity = Vector3(0.000208224, -0.000504377, 0.000682089)
angular_velocity = Vector3(0.000505933, -0.000130968, -1.31284e-05)
metadata/Spawned = 4583739

[node name="CubeMesh8" type="MeshInstance3D" parent="ThrowOut/CubeMesh8"]
mesh = SubResource("BoxMesh_bvu0c")

[node name="CubeMesh8-col" type="CollisionShape3D" parent="ThrowOut/CubeMesh8"]
shape = SubResource("BoxShape3D_4psc0")

[node name="ConeMesh12" type="RigidBody3D" parent="ThrowOut"]
transform = Transform3D(-0.370724, -0.195954, -0.907836, -0.152801, -0.9513, 0.267733, -0.916087, 0.237974, 0.322727, -2.51494, 2.32246, 0.294982)
top_level = true
collision_layer = 4
collision_mask = 15
linear_velocity = Vector3(-0.0091002, 0.00290757, 0.00481863)
angular_velocity = Vector3(0.00392654, -0.029935, 0.0265387)
metadata/Spawned = 4583941

[node name="ConeMesh12" type="MeshInstance3D" parent="ThrowOut/ConeMesh12"]
mesh = SubResource("CylinderMesh_1a2a0")

[node name="ConeMesh12-col" type="CollisionShape3D" parent="ThrowOut/ConeMesh12"]
shape = SubResource("ConvexPolygonShape3D_we441")

[node name="ConeMesh13" type="RigidBody3D" parent="ThrowOut"]
transform = Transform3D(0.954845, 0.154008, -0.254071, 0.222168, -0.9379, 0.266428, -0.197261, -0.310844, -0.929766, -3.06771, 1.95007, -4.34955)
top_level = true
collision_layer = 4
collision_mask = 15
linear_velocity = Vector3(-0.0369746, -0.0159888, -0.0941562)
angular_velocity = Vector3(0.185294, 0.0493385, -0.0739419)
metadata/Spawned = 4584042

[node name="ConeMesh13" type="MeshInstance3D" parent="ThrowOut/ConeMesh13"]
mesh = SubResource("CylinderMesh_1a2a0")

[node name="ConeMesh13-col" type="CollisionShape3D" parent="ThrowOut/ConeMesh13"]
shape = SubResource("ConvexPolygonShape3D_we441")

[node name="ConeMesh14" type="RigidBody3D" parent="ThrowOut"]
transform = Transform3D(-0.213887, -0.299843, 0.929702, -0.7119, -0.603864, -0.358535, 0.668918, -0.738541, -0.0842998, -5.46766, 0.793193, 2.32638)
top_level = true
collision_layer = 4
collision_mask = 15
linear_velocity = Vector3(-0.000504501, -7.76081e-05, 0.000137451)
angular_velocity = Vector3(0.000546603, -7.4468e-07, 0.00157445)
metadata/Spawned = 4584144

[node name="ConeMesh14" type="MeshInstance3D" parent="ThrowOut/ConeMesh14"]
mesh = SubResource("CylinderMesh_1a2a0")

[node name="ConeMesh14-col" type="CollisionShape3D" parent="ThrowOut/ConeMesh14"]
shape = SubResource("ConvexPolygonShape3D_we441")

[node name="CapsuleMesh12" type="RigidBody3D" parent="ThrowOut"]
transform = Transform3D(0.627652, 0.762258, 0.158166, -0.764115, 0.564343, 0.312482, 0.148932, -0.316987, 0.936664, -0.427662, 1.54153, 0.48233)
top_level = true
collision_layer = 4
collision_mask = 15
linear_velocity = Vector3(-0.000136246, 4.82208e-05, -0.000617783)
angular_velocity = Vector3(-0.000535825, 0.00077236, 0.000180299)
metadata/Spawned = 4584258

[node name="CapsuleMesh12" type="MeshInstance3D" parent="ThrowOut/CapsuleMesh12"]
mesh = SubResource("CapsuleMesh_5uihn")

[node name="CapsuleMesh12-col" type="CollisionShape3D" parent="ThrowOut/CapsuleMesh12"]
shape = SubResource("CapsuleShape3D_0p0rx")

[node name="CapsuleMesh13" type="RigidBody3D" parent="ThrowOut"]
transform = Transform3D(0.0378027, -0.998933, -0.0265215, 0.5729, -8.05717e-05, 0.819625, -0.818753, -0.0461782, 0.572286, -3.27669, 0.890117, -3.88621)
top_level = true
collision_layer = 4
collision_mask = 15
linear_velocity = Vector3(0.000704572, 0.00128736, -0.000601351)
angular_velocity = Vector3(0.00268353, 0.00461661, 0.00336387)
metadata/Spawned = 4584359

[node name="CapsuleMesh13" type="MeshInstance3D" parent="ThrowOut/CapsuleMesh13"]
mesh = SubResource("CapsuleMesh_5uihn")

[node name="CapsuleMesh13-col" type="CollisionShape3D" parent="ThrowOut/CapsuleMesh13"]
shape = SubResource("CapsuleShape3D_0p0rx")

[node name="SphereMesh8" type="RigidBody3D" parent="ThrowOut"]
transform = Transform3D(-0.923472, -0.309384, -0.226896, 0.32185, -0.302792, -0.897067, 0.208837, -0.901442, 0.379195, -0.286709, 1.24435, -4.29342)
top_level = true
collision_layer = 4
collision_mask = 15
linear_velocity = Vector3(0.00556307, 0.000965033, 0.0114491)
angular_velocity = Vector3(0.0179816, 0.055748, -0.0149518)
metadata/Spawned = 4584461

[node name="SphereMesh8" type="MeshInstance3D" parent="ThrowOut/SphereMesh8"]
mesh = SubResource("SphereMesh_a1p3v")

[node name="SphereMesh8-col" type="CollisionShape3D" parent="ThrowOut/SphereMesh8"]
shape = SubResource("SphereShape3D_bjsdv")

[node name="CubeMesh9" type="RigidBody3D" parent="ThrowOut"]
transform = Transform3D(0.0117873, 0.113654, -0.99345, -0.999907, -0.00542059, -0.0124841, -0.00680395, 0.993506, 0.11358, -3.78812, 2.34555, 2.98808)
top_level = true
collision_layer = 4
collision_mask = 15
linear_velocity = Vector3(-0.00150833, 0.000492953, -0.000838866)
angular_velocity = Vector3(-0.00190243, 0.0011997, 0.00173432)
metadata/Spawned = 4584563

[node name="CubeMesh9" type="MeshInstance3D" parent="ThrowOut/CubeMesh9"]
mesh = SubResource("BoxMesh_bvu0c")

[node name="CubeMesh9-col" type="CollisionShape3D" parent="ThrowOut/CubeMesh9"]
shape = SubResource("BoxShape3D_4psc0")

[node name="ConeMesh15" type="RigidBody3D" parent="ThrowOut"]
transform = Transform3D(-0.304006, -0.93173, 0.198644, 0.0664501, 0.187266, 0.980059, -0.95035, 0.311144, 0.00498353, 0.604319, 1.32856, 2.74507)
top_level = true
collision_layer = 4
collision_mask = 15
linear_velocity = Vector3(0.00107391, 0.000166703, 0.00386944)
angular_velocity = Vector3(0.0064907, -0.00443864, -0.00177044)
metadata/Spawned = 4584667

[node name="ConeMesh15" type="MeshInstance3D" parent="ThrowOut/ConeMesh15"]
mesh = SubResource("CylinderMesh_1a2a0")

[node name="ConeMesh15-col" type="CollisionShape3D" parent="ThrowOut/ConeMesh15"]
shape = SubResource("ConvexPolygonShape3D_we441")

[node name="SphereMesh9" type="RigidBody3D" parent="ThrowOut"]
transform = Transform3D(0.316394, -0.922886, 0.219491, -0.948374, -0.313076, 0.0506914, 0.0219351, -0.224199, -0.974297, -1.32714, 1.9376, -5.67895)
top_level = true
collision_layer = 4
collision_mask = 15
linear_velocity = Vector3(0.00745975, -0.00961369, -0.00865366)
angular_velocity = Vector3(-0.00176568, 0.0235519, -0.028035)
metadata/Spawned = 4584776

[node name="SphereMesh9" type="MeshInstance3D" parent="ThrowOut/SphereMesh9"]
mesh = SubResource("SphereMesh_a1p3v")

[node name="SphereMesh9-col" type="CollisionShape3D" parent="ThrowOut/SphereMesh9"]
shape = SubResource("SphereShape3D_bjsdv")

[node name="CapsuleMesh14" type="RigidBody3D" parent="ThrowOut"]
transform = Transform3D(-0.0217235, 0.954465, 0.297531, -0.703813, -0.225962, 0.673489, 0.710053, -0.194775, 0.676674, -0.360161, 1.40776, 1.66834)
top_level = true
collision_layer = 4
collision_mask = 15
linear_velocity = Vector3(0.000250739, 0.000422267, -0.000433953)
angular_velocity = Vector3(-0.000568286, 0.000465284, 0.000836413)
metadata/Spawned = 4584879

[node name="CapsuleMesh14" type="MeshInstance3D" parent="ThrowOut/CapsuleMesh14"]
mesh = SubResource("CapsuleMesh_5uihn")

[node name="CapsuleMesh14-col" type="CollisionShape3D" parent="ThrowOut/CapsuleMesh14"]
shape = SubResource("CapsuleShape3D_0p0rx")

[node name="ConeMesh16" type="RigidBody3D" parent="ThrowOut"]
transform = Transform3D(0.667183, 0.256455, -0.699355, 0.267028, -0.958809, -0.0968533, -0.695387, -0.122128, -0.708182, 1.39676, 1.15416, 0.978002)
top_level = true
collision_layer = 4
collision_mask = 15
linear_velocity = Vector3(0.00209753, 8.01772e-05, 0.000716434)
angular_velocity = Vector3(-5.73458e-05, -0.00139822, 0.00172076)
metadata/Spawned = 4584991

[node name="ConeMesh16" type="MeshInstance3D" parent="ThrowOut/ConeMesh16"]
mesh = SubResource("CylinderMesh_1a2a0")

[node name="ConeMesh16-col" type="CollisionShape3D" parent="ThrowOut/ConeMesh16"]
shape = SubResource("ConvexPolygonShape3D_we441")

[node name="CapsuleMesh16" type="RigidBody3D" parent="ThrowOut"]
transform = Transform3D(-0.235958, 0.0116557, 0.971694, -0.812426, -0.551006, -0.190673, 0.533186, -0.83442, 0.139483, 2.43349, 1.87906, 2.07792)
top_level = true
collision_layer = 4
collision_mask = 15
linear_velocity = Vector3(-0.000977896, -0.000160184, -0.000801386)
angular_velocity = Vector3(-2.16239e-06, 0.00279753, 0.00492014)
metadata/Spawned = 4585316

[node name="CapsuleMesh16" type="MeshInstance3D" parent="ThrowOut/CapsuleMesh16"]
mesh = SubResource("CapsuleMesh_5uihn")

[node name="CapsuleMesh16-col" type="CollisionShape3D" parent="ThrowOut/CapsuleMesh16"]
shape = SubResource("CapsuleShape3D_0p0rx")

[node name="ConeMesh17" type="RigidBody3D" parent="ThrowOut"]
transform = Transform3D(-0.785163, -0.610066, 0.106484, 0.37359, -0.603734, -0.704227, 0.493913, -0.513151, 0.701945, -1.90363, 0.792041, -6.08135)
top_level = true
collision_layer = 4
collision_mask = 15
linear_velocity = Vector3(0.000185795, 0.00032342, -0.00217408)
angular_velocity = Vector3(0.0218308, 0.0269467, 0.0227911)
metadata/Spawned = 4585423

[node name="ConeMesh17" type="MeshInstance3D" parent="ThrowOut/ConeMesh17"]
mesh = SubResource("CylinderMesh_1a2a0")

[node name="ConeMesh17-col" type="CollisionShape3D" parent="ThrowOut/ConeMesh17"]
shape = SubResource("ConvexPolygonShape3D_we441")

[node name="CapsuleMesh17" type="RigidBody3D" parent="ThrowOut"]
transform = Transform3D(0.0868559, -0.9958, -0.0289627, -0.334458, -0.00176231, -0.942409, 0.9384, 0.0915406, -0.333206, -6.29036, 0.88933, 1.72535)
top_level = true
collision_layer = 4
collision_mask = 15
linear_velocity = Vector3(-0.0464117, -0.040294, 0.00216279)
angular_velocity = Vector3(0.00483286, 0.000902534, 0.115627)
metadata/Spawned = 4585626

[node name="CapsuleMesh17" type="MeshInstance3D" parent="ThrowOut/CapsuleMesh17"]
mesh = SubResource("CapsuleMesh_5uihn")

[node name="CapsuleMesh17-col" type="CollisionShape3D" parent="ThrowOut/CapsuleMesh17"]
shape = SubResource("CapsuleShape3D_0p0rx")

[node name="ConeMesh18" type="RigidBody3D" parent="ThrowOut"]
transform = Transform3D(-0.0303291, -0.78547, -0.618156, -0.18444, -0.603423, 0.775798, -0.982376, 0.137542, -0.126571, 0.19787, 0.794314, -5.61024)
top_level = true
collision_layer = 4
collision_mask = 15
linear_velocity = Vector3(0.00149457, 0.00118821, -0.000417122)
angular_velocity = Vector3(-0.00169788, 0.000236806, -0.00381001)
metadata/Spawned = 4585733

[node name="ConeMesh18" type="MeshInstance3D" parent="ThrowOut/ConeMesh18"]
mesh = SubResource("CylinderMesh_1a2a0")

[node name="ConeMesh18-col" type="CollisionShape3D" parent="ThrowOut/ConeMesh18"]
shape = SubResource("ConvexPolygonShape3D_we441")

[node name="CubeMesh10" type="RigidBody3D" parent="ThrowOut"]
transform = Transform3D(0.316533, -0.943886, 0.0942639, 0.280779, -0.00169087, -0.959771, 0.906074, 0.330267, 0.264488, -4.80602, 2.11287, 0.98975)
top_level = true
collision_layer = 4
collision_mask = 15
linear_velocity = Vector3(0.00472211, 0.00100224, 0.00082005)
angular_velocity = Vector3(0.00604324, 0.000645483, -0.00383175)
metadata/Spawned = 4585843

[node name="CubeMesh10" type="MeshInstance3D" parent="ThrowOut/CubeMesh10"]
mesh = SubResource("BoxMesh_bvu0c")

[node name="CubeMesh10-col" type="CollisionShape3D" parent="ThrowOut/CubeMesh10"]
shape = SubResource("BoxShape3D_4psc0")

[node name="CubeMesh11" type="RigidBody3D" parent="ThrowOut"]
transform = Transform3D(0.630591, -0.353755, -0.690805, 0.362803, 0.921204, -0.14056, 0.686096, -0.161991, 0.709247, -2.72823, 2.55738, 1.57982)
top_level = true
collision_layer = 4
collision_mask = 15
linear_velocity = Vector3(0.0194615, -0.0133823, -0.0078203)
angular_velocity = Vector3(-0.0272752, -0.0223957, -0.0255544)
metadata/Spawned = 4586047

[node name="CubeMesh11" type="MeshInstance3D" parent="ThrowOut/CubeMesh11"]
mesh = SubResource("BoxMesh_bvu0c")

[node name="CubeMesh11-col" type="CollisionShape3D" parent="ThrowOut/CubeMesh11"]
shape = SubResource("BoxShape3D_4psc0")

[node name="ConeMesh19" type="RigidBody3D" parent="ThrowOut"]
transform = Transform3D(-0.0288236, 0.849655, -0.526551, -0.211281, 0.509689, 0.834013, 0.977, 0.135289, 0.164825, 2.46453, 2.02898, -0.0198888)
top_level = true
collision_layer = 4
collision_mask = 15
linear_velocity = Vector3(0.000655683, -0.00135337, 0.00120339)
angular_velocity = Vector3(-0.000588251, -0.00764376, -0.000421384)
metadata/Spawned = 4586161

[node name="ConeMesh19" type="MeshInstance3D" parent="ThrowOut/ConeMesh19"]
mesh = SubResource("CylinderMesh_1a2a0")

[node name="ConeMesh19-col" type="CollisionShape3D" parent="ThrowOut/ConeMesh19"]
shape = SubResource("ConvexPolygonShape3D_we441")

[node name="ConeMesh20" type="RigidBody3D" parent="ThrowOut"]
transform = Transform3D(0.281399, -0.303799, 0.910231, -0.798078, -0.60078, 0.0462096, 0.53281, -0.739439, -0.411514, -2.83652, 2.13743, 3.40828)
top_level = true
collision_layer = 4
collision_mask = 15
linear_velocity = Vector3(-0.00288572, -3.89767e-06, 0.00102335)
angular_velocity = Vector3(0.00329784, 7.67345e-05, 0.00942678)
metadata/Spawned = 4586262

[node name="ConeMesh20" type="MeshInstance3D" parent="ThrowOut/ConeMesh20"]
mesh = SubResource("CylinderMesh_1a2a0")

[node name="ConeMesh20-col" type="CollisionShape3D" parent="ThrowOut/ConeMesh20"]
shape = SubResource("ConvexPolygonShape3D_we441")

[node name="CapsuleMesh19" type="RigidBody3D" parent="ThrowOut"]
transform = Transform3D(-0.138707, -0.975367, -0.171522, 0.77732, 8.78701e-05, -0.629105, 0.613624, -0.220589, 0.75816, -8.04558, 0.890077, -1.61979)
top_level = true
collision_layer = 4
collision_mask = 15
linear_velocity = Vector3(3.1147e-05, 1.89163e-05, 0.000112536)
angular_velocity = Vector3(0.000296656, 1.21088e-05, 0.000129025)
metadata/Spawned = 4586380

[node name="CapsuleMesh19" type="MeshInstance3D" parent="ThrowOut/CapsuleMesh19"]
mesh = SubResource("CapsuleMesh_5uihn")

[node name="CapsuleMesh19-col" type="CollisionShape3D" parent="ThrowOut/CapsuleMesh19"]
shape = SubResource("CapsuleShape3D_0p0rx")

[node name="CapsuleMesh4" type="RigidBody3D" parent="ThrowOut"]
transform = Transform3D(0.371472, 0.913271, -0.167169, -0.265949, -0.0678403, -0.961597, -0.889539, 0.401664, 0.217683, 0.501994, 1.89888, 1.25668)
top_level = true
collision_layer = 4
collision_mask = 15
linear_velocity = Vector3(0.00419456, 0.000966096, 0.00393118)
angular_velocity = Vector3(0.0116884, -0.00742308, -0.00671848)
metadata/Spawned = 4586500

[node name="CapsuleMesh4" type="MeshInstance3D" parent="ThrowOut/CapsuleMesh4"]
mesh = SubResource("CapsuleMesh_5uihn")

[node name="CapsuleMesh4-col" type="CollisionShape3D" parent="ThrowOut/CapsuleMesh4"]
shape = SubResource("CapsuleShape3D_0p0rx")

[node name="CubeMesh12" type="RigidBody3D" parent="ThrowOut"]
transform = Transform3D(-0.433033, -0.901378, 0.000370832, -0.00273739, 0.00172648, 0.999995, -0.901374, 0.43303, -0.00321504, 4.91389, 0.992312, 4.10256)
top_level = true
collision_layer = 4
collision_mask = 15
linear_velocity = Vector3(-4.1856e-05, -2.69711e-06, -3.97731e-05)
angular_velocity = Vector3(-6.94753e-05, 7.49014e-05, -6.67656e-07)
metadata/Spawned = 4586620

[node name="CubeMesh12" type="MeshInstance3D" parent="ThrowOut/CubeMesh12"]
mesh = SubResource("BoxMesh_bvu0c")

[node name="CubeMesh12-col" type="CollisionShape3D" parent="ThrowOut/CubeMesh12"]
shape = SubResource("BoxShape3D_4psc0")

[node name="ConeMesh21" type="RigidBody3D" parent="ThrowOut"]
transform = Transform3D(0.53395, 0.586991, 0.608554, 0.789864, -0.603097, -0.111306, 0.301681, 0.540107, -0.785667, -3.83543, 2.14478, 2.18453)
top_level = true
collision_layer = 4
